S
1   0   14.01420     0.96800    -0.25755     0.06595
3   0   16.39320     0.03033    -0.00446     0.00185
3   0   10.87950     0.02248     0.11153    -0.03461
3   0   7.72709     -0.00617     0.40339    -0.10378
3   0   5.16500      0.00326     0.55032    -0.19229
3   0   2.97451     -0.00143     0.03381    -0.06561
3   0   2.14316      0.00081    -0.00815     0.59732
3   0   1.31306     -0.00016     0.00126     0.55390

P
2   1   7.14360      0.54290    -0.11535
4   1   16.25720     0.00234    -0.00189
4   1   10.79720     0.04228    -0.00473
4   1   6.89724      0.32155    -0.07552
4   1   4.66598      0.22474     0.01041
4   1   2.32046      0.00732     0.46075
4   1   1.33470     -0.00105     0.57665
4   1   0.79318      0.00041     0.06274