S
1   0   22.02960   -0.95015    -0.28972     0.10510     -0.02387
1   0   37.11330   -0.01209     0.00055    -0.00094     -0.00004
2   0   18.60820   -0.04928    -0.16752     0.06192     -0.01572
2   0    9.39745    0.00058     0.93056    -0.35502      0.08607
3   0   8.17280    -0.00140     0.23986    -0.26666      0.05985
3   0    4.98509    0.00187    -0.02361     0.47346     -0.07272
3   0   3.62802    -0.00187     0.03254     0.50703     -0.24523
4   0    3.45561    0.00080    -0.01329     0.24381      0.02662
4   0   1.58708    -0.00009     0.00159     0.01578      0.50408
4   0    1.00652    0.00008    -0.00137    -0.01098      0.48670
4   0   0.75064    -0.00004     0.00064     0.00487      0.10196

P
2   1   9.74943     0.71614    -0.24806
2   1   16.39080    0.06307    -0.02143
3   1   8.15953     0.26624    -0.14149
3   1   4.50482     0.01033     0.46677
3   1   2.84111    -0.00126     0.64339
3   1   1.51430     0.00022     0.03031

D
3   2   2.17900     0.52678
3   2   9.54575     0.02539     
3   2   4.81759     0.17639
3   2   3.67072     0.21326
3   2   1.23154     0.21819
